Number_of_verticies 42.0
Number_of_Faces 80.0
Vertex Buffer: 
0.00,0.00,1.00,
0.72,-0.53,0.45,
-0.28,-0.85,0.45,
-0.89,0.00,0.45,
-0.28,0.85,0.45,
0.72,0.53,0.45,
0.28,-0.85,-0.45,
-0.72,-0.53,-0.45,
-0.72,0.53,-0.45,
0.28,0.85,-0.45,
0.89,0.00,-0.45,
0.00,0.00,-1.00,
-0.16,-0.50,0.85,
0.43,-0.31,0.85,
0.26,-0.81,0.53,
0.85,0.00,0.53,
0.43,0.31,0.85,
-0.53,0.00,0.85,
-0.69,-0.50,0.53,
-0.16,0.50,0.85,
-0.69,0.50,0.53,
0.26,0.81,0.53,
0.95,-0.31,-0.00,
0.95,0.31,-0.00,
0.00,-1.00,-0.00,
0.59,-0.81,-0.00,
-0.95,-0.31,-0.00,
-0.59,-0.81,-0.00,
-0.59,0.81,-0.00,
-0.95,0.31,-0.00,
0.59,0.81,-0.00,
0.00,1.00,-0.00,
0.69,-0.50,-0.53,
-0.26,-0.81,-0.53,
-0.85,0.00,-0.53,
-0.26,0.81,-0.53,
0.69,0.50,-0.53,
0.16,-0.50,-0.85,
0.53,0.00,-0.85,
-0.43,-0.31,-0.85,
-0.43,0.31,-0.85,
0.16,0.50,-0.85,

Index Buffer: 
0,13,12,
1,13,15,
0,12,17,
0,17,19,
0,19,16,
1,15,22,
2,14,24,
3,18,26,
4,20,28,
5,21,30,
1,22,25,
2,24,27,
3,26,29,
4,28,31,
5,30,23,
6,32,37,
7,33,39,
8,34,40,
9,35,41,
10,36,38,
38,41,11,
38,36,41,
36,9,41,
41,40,11,
41,35,40,
35,8,40,
40,39,11,
40,34,39,
34,7,39,
39,37,11,
39,33,37,
33,6,37,
37,38,11,
37,32,38,
32,10,38,
23,36,10,
23,30,36,
30,9,36,
31,35,9,
31,28,35,
28,8,35,
29,34,8,
29,26,34,
26,7,34,
27,33,7,
27,24,33,
24,6,33,
25,32,6,
25,22,32,
22,10,32,
30,31,9,
30,21,31,
21,4,31,
28,29,8,
28,20,29,
20,3,29,
26,27,7,
26,18,27,
18,2,27,
24,25,6,
24,14,25,
14,1,25,
22,23,10,
22,15,23,
15,5,23,
16,21,5,
16,19,21,
19,4,21,
19,20,4,
19,17,20,
17,3,20,
17,18,3,
17,12,18,
12,2,18,
15,16,5,
15,13,16,
13,0,16,
12,14,2,
12,13,14,
13,1,14,

Col_Buffer: 
204,24,14,
204,24,14,
204,24,14,
204,24,14,
204,24,14,
204,24,14,
204,24,14,
204,24,14,
204,24,14,
204,24,14,
204,24,14,
204,24,14,
204,24,14,
204,24,14,
204,24,14,
204,24,14,
204,24,14,
204,24,14,
204,24,14,
204,24,14,
204,24,14,
204,24,14,
204,24,14,
204,24,14,
204,24,14,
204,24,14,
204,24,14,
204,24,14,
204,24,14,
204,24,14,
204,24,14,
204,24,14,
204,24,14,
204,24,14,
204,24,14,
204,24,14,
204,24,14,
204,24,14,
204,24,14,
204,24,14,
204,24,14,
204,24,14,
204,24,14,
204,24,14,
204,24,14,
204,24,14,
204,24,14,
204,24,14,
204,24,14,
204,24,14,
204,24,14,
204,24,14,
204,24,14,
204,24,14,
204,24,14,
204,24,14,
204,24,14,
204,24,14,
204,24,14,
204,24,14,
204,24,14,
204,24,14,
204,24,14,
204,24,14,
204,24,14,
204,24,14,
204,24,14,
204,24,14,
204,24,14,
204,24,14,
204,24,14,
204,24,14,
204,24,14,
204,24,14,
204,24,14,
204,24,14,
204,24,14,
204,24,14,
204,24,14,
204,24,14,

Normal buffer: 
0.10,-0.32,0.94,
0.70,-0.27,0.66,
-0.27,-0.19,0.94,
-0.27,0.19,0.94,
0.10,0.32,0.94,
0.90,-0.27,0.33,
0.02,-0.94,0.33,
-0.89,-0.32,0.33,
-0.57,0.75,0.33,
0.53,0.78,0.33,
0.80,-0.58,0.13,
-0.31,-0.94,0.13,
-0.99,-0.00,0.13,
-0.31,0.94,0.13,
0.80,0.58,0.13,
0.41,-0.63,-0.66,
-0.47,-0.58,-0.66,
-0.70,0.27,-0.66,
0.04,0.75,-0.66,
0.72,0.19,-0.66,
0.27,0.19,-0.94,
0.49,0.36,-0.79,
0.41,0.63,-0.66,
-0.10,0.32,-0.94,
-0.19,0.58,-0.79,
-0.47,0.58,-0.66,
-0.33,0.00,-0.94,
-0.61,0.00,-0.79,
-0.70,-0.27,-0.66,
-0.10,-0.32,-0.94,
-0.19,-0.58,-0.79,
0.04,-0.75,-0.66,
0.27,-0.19,-0.94,
0.49,-0.36,-0.79,
0.72,-0.19,-0.66,
0.89,0.32,-0.33,
0.79,0.58,-0.19,
0.57,0.75,-0.33,
-0.02,0.94,-0.33,
-0.30,0.93,-0.19,
-0.53,0.78,-0.33,
-0.90,0.27,-0.33,
-0.98,0.00,-0.19,
-0.90,-0.27,-0.33,
-0.53,-0.78,-0.33,
-0.30,-0.93,-0.19,
-0.02,-0.94,-0.33,
0.57,-0.75,-0.33,
0.79,-0.58,-0.19,
0.89,-0.32,-0.33,
0.31,0.94,-0.13,
0.30,0.93,0.19,
0.02,0.94,0.33,
-0.80,0.58,-0.13,
-0.79,0.58,0.19,
-0.89,0.32,0.33,
-0.80,-0.58,-0.13,
-0.79,-0.58,0.19,
-0.57,-0.75,0.33,
0.31,-0.94,-0.13,
0.30,-0.93,0.19,
0.53,-0.78,0.33,
0.99,0.00,-0.13,
0.98,0.00,0.19,
0.90,0.27,0.33,
0.47,0.58,0.66,
0.19,0.58,0.79,
-0.04,0.75,0.66,
-0.41,0.63,0.66,
-0.49,0.36,0.79,
-0.72,0.19,0.66,
-0.72,-0.19,0.66,
-0.49,-0.36,0.79,
-0.41,-0.63,0.66,
0.70,0.27,0.66,
0.61,0.00,0.79,
0.33,0.00,0.94,
-0.04,-0.75,0.66,
0.19,-0.58,0.79,
0.47,-0.58,0.66,
