Number_of_verticies 21.0
Number_of_Faces 0.0
Vertex Buffer: 
203.46,583.32,-0.00,
196.58,583.32,-0.00,
190.62,576.65,-0.00,
153.99,599.97,0.00,
182.62,532.26,-0.01,
190.69,532.33,-0.01,
191.75,507.43,-0.02,
177.55,501.58,-0.02,
153.44,466.40,-0.03,
160.38,417.59,-0.04,
188.00,394.98,-0.04,
199.89,393.22,-0.04,
212.01,394.99,-0.04,
239.35,417.33,-0.04,
246.48,466.60,-0.03,
222.72,501.47,-0.02,
208.42,507.19,-0.02,
209.52,532.24,-0.01,
217.40,532.36,-0.01,
245.84,599.73,0.00,
209.55,576.65,-0.00,

Index Buffer: 

Col_Buffer: 

Normal buffer: 
